# Original classic-Mac per-glyph box metrics, ripped from the true font
# strikes: advance origin_x origin_y width height, one line per ASCII glyph
# 0x20..0x7E, keyed by `@ font_id size`. Test-only compatibility reference
# (nominative use) used to guard that our faces reproduce the originals'
# advances + left bearings so classic-app text lays out at the original
# width and never clips. Our bitmaps keep their own width/height by design.
# Regenerate: python3 tools/gen_original_cells.py

@ 0 12
4 4 -12 0 0
6 2 -12 2 15
7 2 -12 3 15
10 1 -12 8 15
7 1 -12 5 15
11 1 -12 9 15
10 1 -12 8 15
3 1 -12 1 15
5 1 -12 3 15
5 1 -12 3 15
7 1 -12 5 15
7 1 -12 5 15
4 1 -12 2 15
7 1 -12 5 15
4 1 -12 2 15
7 1 -12 5 15
8 1 -12 6 15
8 2 -12 3 15
8 1 -12 6 15
8 1 -12 6 15
8 1 -12 7 15
8 1 -12 6 15
8 1 -12 6 15
8 1 -12 6 15
8 1 -12 6 15
8 1 -12 6 15
4 1 -12 2 15
4 1 -12 2 15
6 0 -12 5 15
8 1 -12 6 15
6 0 -12 5 15
8 1 -12 6 15
11 1 -12 9 15
8 1 -12 6 15
8 1 -12 6 15
8 1 -12 6 15
8 1 -12 6 15
7 1 -12 5 15
7 1 -12 5 15
8 1 -12 6 15
8 1 -12 6 15
6 2 -12 2 15
7 0 -12 6 15
9 1 -12 7 15
7 1 -12 5 15
12 1 -12 10 15
9 1 -12 7 15
8 1 -12 6 15
8 1 -12 6 15
8 1 -12 6 15
8 1 -12 6 15
7 1 -12 5 15
6 0 -12 6 15
8 1 -12 6 15
8 1 -12 6 15
12 1 -12 10 15
8 1 -12 6 15
8 1 -12 6 15
8 1 -12 6 15
5 1 -12 3 15
7 1 -12 5 15
5 1 -12 3 15
8 2 -12 5 15
8 0 -12 8 15
6 1 -12 3 15
8 1 -12 6 15
8 1 -12 6 15
7 1 -12 5 15
8 1 -12 6 15
8 1 -12 6 15
6 1 -12 5 15
8 1 -12 6 15
8 1 -12 6 15
4 1 -12 2 15
6 0 -12 5 15
8 1 -12 6 15
4 1 -12 2 15
12 1 -12 10 15
8 1 -12 6 15
8 1 -12 6 15
8 1 -12 6 15
8 1 -12 6 15
6 1 -12 5 15
7 1 -12 5 15
6 1 -12 4 15
8 1 -12 6 15
8 1 -12 6 15
12 1 -12 10 15
8 1 -12 6 15
8 1 -12 6 15
8 1 -12 6 15
5 1 -12 3 15
5 2 -12 1 15
5 1 -12 3 15
8 1 -12 6 15

@ 2 12
4 4 -12 0 0
4 2 -12 1 15
5 1 -12 3 15
8 0 -12 7 15
7 1 -12 5 15
9 1 -12 7 15
10 1 -12 8 15
3 1 -12 1 15
5 1 -12 3 15
5 1 -12 3 15
6 0 -12 5 15
6 0 -12 5 15
3 0 -12 2 15
6 1 -12 4 15
3 1 -12 1 15
7 1 -12 5 15
8 1 -12 6 15
8 3 -12 3 15
8 1 -12 5 15
8 1 -12 6 15
8 1 -12 6 15
8 1 -12 6 15
8 1 -12 6 15
8 1 -12 6 15
8 1 -12 6 15
8 1 -12 6 15
3 1 -12 1 15
3 0 -12 2 15
5 1 -12 3 15
7 1 -12 5 15
5 1 -12 3 15
7 1 -12 5 15
10 1 -12 8 15
10 0 -12 9 15
8 0 -12 7 15
7 0 -12 6 15
8 0 -12 7 15
7 0 -12 6 15
7 0 -12 6 15
8 0 -12 7 15
9 0 -12 8 15
6 1 -12 3 15
5 0 -12 4 15
8 0 -12 7 15
8 1 -12 6 15
12 0 -12 11 15
9 0 -12 8 15
8 0 -12 7 15
8 0 -12 7 15
8 0 -12 7 15
8 0 -12 7 15
7 1 -12 5 15
8 0 -12 7 15
9 0 -12 8 15
10 0 -12 9 15
13 1 -12 11 15
8 0 -12 7 15
8 0 -12 7 15
6 0 -12 5 15
4 1 -12 2 15
7 1 -12 5 15
4 1 -12 2 15
4 0 -12 3 15
7 0 -12 7 15
4 0 -12 3 15
7 0 -12 6 15
8 0 -12 7 15
6 0 -12 5 15
8 0 -12 7 15
7 0 -12 6 15
5 0 -12 4 15
7 0 -12 6 15
8 0 -12 7 15
4 0 -12 3 15
4 0 -12 2 15
8 0 -12 7 15
4 0 -12 3 15
12 0 -12 11 15
8 0 -12 7 15
7 0 -12 6 15
8 0 -12 7 15
8 0 -12 7 15
6 0 -12 5 15
6 0 -12 5 15
5 0 -12 5 15
8 0 -12 7 15
8 0 -12 7 15
11 0 -12 11 15
7 0 -12 7 15
8 0 -12 7 15
6 0 -12 5 15
5 1 -12 3 15
3 1 -12 1 15
5 1 -12 3 15
6 0 -12 5 15

@ 2 14
4 4 -14 0 0
5 2 -14 1 17
5 1 -14 3 17
9 1 -14 7 17
7 1 -14 5 17
11 1 -14 9 17
11 1 -14 9 17
4 1 -14 1 17
6 1 -14 3 17
6 2 -14 3 17
7 1 -14 5 17
8 0 -14 7 17
4 1 -14 2 17
8 1 -14 6 17
3 1 -14 1 17
8 2 -14 5 17
10 1 -14 8 17
10 3 -14 3 17
10 1 -14 8 17
10 1 -14 8 17
10 1 -14 8 17
10 2 -14 7 17
10 1 -14 8 17
10 1 -14 8 17
10 1 -14 8 17
10 1 -14 8 17
4 2 -14 1 17
4 1 -14 2 17
6 1 -14 4 17
8 1 -14 6 17
6 1 -14 4 17
9 1 -14 7 17
11 1 -14 9 17
12 0 -14 11 17
10 0 -14 9 17
9 0 -14 8 17
9 0 -14 8 17
8 0 -14 7 17
8 0 -14 7 17
10 0 -14 9 17
10 0 -14 9 17
6 1 -14 3 17
5 0 -14 4 17
10 0 -14 9 17
8 0 -14 7 17
12 0 -14 11 17
10 0 -14 9 17
9 0 -14 8 17
9 0 -14 8 17
9 0 -14 8 17
10 0 -14 9 17
9 0 -14 8 17
8 0 -14 7 17
11 0 -14 10 17
12 0 -14 11 17
14 0 -14 13 17
10 0 -14 9 17
10 0 -14 9 17
8 0 -14 7 17
4 1 -14 2 17
7 1 -14 5 17
4 1 -14 2 17
7 1 -14 5 17
7 0 -14 7 17
5 1 -14 3 17
8 0 -14 7 17
9 0 -14 8 17
7 0 -14 6 17
9 0 -14 8 17
8 0 -14 7 17
5 0 -14 4 17
8 0 -14 7 17
10 0 -14 9 17
4 0 -14 3 17
5 0 -14 3 17
8 0 -14 7 17
4 0 -14 3 17
14 0 -14 13 17
10 0 -14 9 17
8 0 -14 7 17
9 0 -14 8 17
9 0 -14 8 17
8 0 -14 7 17
7 0 -14 6 17
6 0 -14 5 17
10 0 -14 9 17
10 0 -14 9 17
12 0 -14 11 17
8 0 -14 7 17
10 0 -14 9 17
7 0 -14 6 17
5 1 -14 3 17
3 1 -14 1 17
5 1 -14 3 17
8 1 -14 6 17

@ 2 18
6 6 -17 0 0
6 2 -17 2 21
10 3 -17 4 21
12 2 -17 8 21
12 3 -17 7 21
16 2 -17 9 21
16 1 -17 13 21
6 2 -17 1 21
8 2 -17 4 21
8 2 -17 4 21
8 0 -17 7 21
12 2 -17 7 21
6 2 -17 2 21
10 1 -17 7 21
6 2 -17 2 21
10 1 -17 7 21
12 2 -17 8 21
12 4 -17 4 21
12 2 -17 8 21
12 2 -17 8 21
12 1 -17 9 21
12 1 -17 9 21
12 2 -17 9 21
12 1 -17 9 21
12 1 -17 9 21
12 1 -17 9 21
6 2 -17 2 21
6 2 -17 2 21
8 1 -17 5 21
10 1 -17 7 21
8 2 -17 5 21
10 2 -17 6 21
16 3 -17 10 21
16 1 -17 13 21
12 1 -17 10 21
12 2 -17 9 21
14 1 -17 11 21
12 1 -17 10 21
12 1 -17 10 21
12 1 -17 11 21
14 1 -17 12 21
8 2 -17 4 21
10 1 -17 8 21
14 1 -17 11 21
12 1 -17 10 21
16 1 -17 14 21
14 1 -17 11 21
14 1 -17 11 21
12 1 -17 10 21
14 1 -17 11 21
12 1 -17 10 21
10 1 -17 8 21
12 1 -17 10 21
14 1 -17 11 21
14 1 -17 11 21
18 0 -17 17 21
12 1 -17 10 21
12 1 -17 10 21
10 1 -17 8 21
6 2 -17 2 21
10 1 -17 7 21
6 2 -17 2 21
8 2 -17 5 21
12 0 -17 12 21
6 1 -17 3 21
10 1 -17 9 21
12 1 -17 9 21
10 1 -17 7 21
12 1 -17 9 21
10 1 -17 8 21
8 1 -17 6 21
10 1 -17 8 21
12 1 -17 10 21
8 2 -17 4 21
6 1 -17 3 21
12 1 -17 9 21
8 2 -17 4 21
16 1 -17 14 21
12 1 -17 10 21
10 1 -17 8 21
12 1 -17 9 21
12 1 -17 9 21
10 1 -17 8 21
10 1 -17 7 21
8 1 -17 6 21
12 1 -17 10 21
10 0 -17 9 21
14 0 -17 13 21
12 1 -17 10 21
12 0 -17 11 21
10 1 -17 8 21
8 1 -17 5 21
4 1 -17 1 21
8 1 -17 5 21
8 1 -17 6 21

@ 3 9
3 3 -10 0 0
3 1 -10 1 12
5 1 -10 3 12
7 1 -10 5 12
6 0 -10 5 12
9 0 -10 8 12
8 0 -10 7 12
3 1 -10 1 12
4 0 -10 3 12
4 0 -10 3 12
7 1 -10 5 12
6 0 -10 5 12
4 1 -10 2 12
5 0 -10 4 12
3 1 -10 1 12
6 1 -10 4 12
6 0 -10 5 12
6 1 -10 2 12
6 0 -10 5 12
6 0 -10 5 12
6 0 -10 5 12
6 0 -10 5 12
6 0 -10 5 12
6 0 -10 5 12
6 0 -10 5 12
6 0 -10 5 12
4 2 -10 1 12
4 1 -10 2 12
5 1 -10 3 12
6 0 -10 5 12
5 1 -10 3 12
6 1 -10 4 12
8 0 -10 7 12
7 1 -10 5 12
6 0 -10 5 12
6 0 -10 5 12
6 0 -10 5 12
5 0 -10 4 12
5 0 -10 4 12
6 0 -10 5 12
6 0 -10 5 12
3 1 -10 1 12
6 0 -10 5 12
6 0 -10 5 12
5 0 -10 4 12
8 0 -10 7 12
6 0 -10 5 12
6 0 -10 5 12
6 0 -10 5 12
6 0 -10 5 12
6 0 -10 5 12
6 0 -10 5 12
6 0 -10 5 12
6 0 -10 5 12
6 0 -10 5 12
8 0 -10 7 12
6 0 -10 5 12
6 0 -10 5 12
5 0 -10 4 12
4 1 -10 2 12
6 1 -10 4 12
4 1 -10 2 12
4 0 -10 3 12
6 0 -10 6 12
3 0 -10 2 12
5 0 -10 4 12
5 0 -10 4 12
5 0 -10 4 12
5 0 -10 4 12
5 0 -10 4 12
4 0 -10 4 12
5 0 -10 4 12
5 0 -10 4 12
3 0 -10 2 12
4 0 -10 3 12
5 0 -10 4 12
3 0 -10 2 12
8 0 -10 7 12
5 0 -10 4 12
5 0 -10 4 12
5 0 -10 4 12
5 0 -10 4 12
5 0 -10 4 12
5 0 -10 4 12
4 0 -10 3 12
5 0 -10 4 12
6 0 -10 5 12
8 0 -10 7 12
6 0 -10 5 12
6 0 -10 4 12
5 0 -10 4 12
4 0 -10 3 12
2 0 -10 1 12
4 0 -10 3 12
6 0 -10 5 12

@ 3 10
3 3 -10 0 0
4 2 -10 1 12
5 1 -10 3 12
9 1 -10 7 12
7 1 -10 5 12
10 1 -10 8 12
8 0 -10 7 12
3 1 -10 1 12
6 1 -10 3 12
6 1 -10 3 12
7 1 -10 5 12
8 1 -10 5 12
4 1 -10 2 12
7 1 -10 4 12
3 1 -10 1 12
6 1 -10 4 12
7 1 -10 5 12
7 2 -10 2 12
7 1 -10 5 12
7 1 -10 5 12
7 1 -10 6 12
7 1 -10 5 12
7 1 -10 5 12
7 1 -10 5 12
7 1 -10 5 12
7 1 -10 5 12
3 1 -10 1 12
4 1 -10 2 12
5 1 -10 3 12
7 1 -10 5 12
5 1 -10 3 12
7 1 -10 5 12
9 1 -10 7 12
6 0 -10 5 12
7 1 -10 5 12
6 0 -10 5 12
7 1 -10 5 12
6 1 -10 4 12
6 1 -10 4 12
6 0 -10 5 12
7 1 -10 5 12
4 1 -10 1 12
6 0 -10 5 12
7 1 -10 5 12
6 1 -10 4 12
9 1 -10 7 12
7 1 -10 5 12
6 0 -10 5 12
7 1 -10 5 12
6 0 -10 5 12
7 1 -10 5 12
6 0 -10 5 12
6 0 -10 5 12
7 1 -10 5 12
6 0 -10 5 12
10 0 -10 9 12
6 0 -10 5 12
6 0 -10 5 12
6 0 -10 5 12
5 1 -10 2 12
5 0 -10 4 12
5 1 -10 2 12
5 1 -10 3 12
7 0 -10 7 12
4 1 -10 2 12
5 0 -10 4 12
6 1 -10 4 12
5 0 -10 4 12
5 0 -10 4 12
5 0 -10 4 12
4 0 -10 4 12
5 0 -10 4 12
6 1 -10 4 12
4 0 -10 2 12
5 0 -10 3 12
6 1 -10 4 12
4 0 -10 2 12
9 1 -10 7 12
6 1 -10 4 12
5 0 -10 4 12
6 1 -10 4 12
5 0 -10 4 12
6 1 -10 4 12
5 0 -10 4 12
4 0 -10 3 12
6 1 -10 4 12
6 0 -10 5 12
8 0 -10 7 12
6 0 -10 5 12
6 1 -10 4 12
5 0 -10 4 12
5 0 -10 3 12
4 1 -10 1 12
5 1 -10 3 12
7 0 -10 6 12

@ 3 12
4 4 -12 0 0
3 1 -12 1 15
5 1 -12 3 15
9 1 -12 7 15
7 1 -12 5 15
9 1 -12 7 15
9 0 -12 8 15
3 1 -12 1 15
5 1 -12 3 15
5 1 -12 3 15
8 1 -12 6 15
7 1 -12 5 15
4 1 -12 2 15
7 1 -12 5 15
3 1 -12 1 15
7 1 -12 5 15
8 1 -12 6 15
8 3 -12 2 15
8 1 -12 6 15
8 1 -12 6 15
8 1 -12 7 15
8 1 -12 6 15
8 1 -12 6 15
8 1 -12 6 15
8 1 -12 6 15
8 1 -12 6 15
3 1 -12 1 15
4 1 -12 2 15
6 1 -12 4 15
7 1 -12 5 15
6 1 -12 4 15
8 1 -12 6 15
10 1 -12 8 15
9 1 -12 7 15
8 1 -12 6 15
8 1 -12 6 15
8 1 -12 6 15
7 1 -12 5 15
7 1 -12 5 15
8 1 -12 6 15
8 1 -12 6 15
5 2 -12 1 15
7 0 -12 6 15
8 1 -12 6 15
7 1 -12 5 15
9 1 -12 7 15
8 1 -12 6 15
8 1 -12 6 15
8 1 -12 6 15
8 1 -12 6 15
8 1 -12 6 15
8 1 -12 6 15
8 0 -12 7 15
8 1 -12 6 15
9 1 -12 7 15
11 1 -12 9 15
7 1 -12 5 15
7 1 -12 5 15
7 1 -12 5 15
4 1 -12 2 15
7 1 -12 5 15
4 1 -12 2 15
4 1 -12 3 15
8 0 -12 8 15
4 1 -12 2 15
7 1 -12 5 15
7 1 -12 5 15
7 1 -12 5 15
7 1 -12 5 15
7 1 -12 5 15
6 1 -12 4 15
7 1 -12 5 15
7 1 -12 5 15
5 1 -12 2 15
6 1 -12 3 15
7 1 -12 5 15
5 1 -12 2 15
11 1 -12 9 15
7 1 -12 5 15
7 1 -12 5 15
7 1 -12 5 15
7 1 -12 5 15
6 1 -12 5 15
7 1 -12 5 15
6 1 -12 4 15
7 1 -12 5 15
7 1 -12 5 15
11 1 -12 9 15
7 1 -12 5 15
7 1 -12 5 15
7 1 -12 5 15
5 1 -12 3 15
3 1 -12 1 15
5 1 -12 3 15
8 1 -12 6 15

@ 3 14
4 4 -14 0 0
4 2 -14 1 18
6 1 -14 4 18
9 1 -14 7 18
7 1 -14 5 18
11 1 -14 9 18
11 1 -14 9 18
3 1 -14 1 18
6 1 -14 3 18
6 2 -14 3 18
9 1 -14 7 18
9 1 -14 7 18
4 1 -14 2 18
8 1 -14 6 18
3 1 -14 1 18
7 1 -14 5 18
9 1 -14 7 18
9 3 -14 2 18
9 1 -14 7 18
9 1 -14 7 18
9 1 -14 7 18
9 1 -14 7 18
9 1 -14 7 18
9 1 -14 7 18
9 1 -14 7 18
9 1 -14 7 18
3 1 -14 1 18
4 1 -14 2 18
7 1 -14 4 18
11 2 -14 7 18
7 1 -14 4 18
8 1 -14 6 18
12 1 -14 10 18
11 1 -14 9 18
9 1 -14 7 18
9 1 -14 7 18
9 1 -14 7 18
8 1 -14 6 18
8 1 -14 6 18
10 1 -14 8 18
9 1 -14 7 18
5 2 -14 1 18
8 0 -14 7 18
9 1 -14 7 18
8 1 -14 6 18
11 1 -14 9 18
10 1 -14 8 18
10 1 -14 8 18
9 1 -14 7 18
10 1 -14 8 18
10 1 -14 8 18
9 1 -14 7 18
9 1 -14 7 18
10 1 -14 8 18
11 1 -14 9 18
13 1 -14 11 18
9 1 -14 7 18
9 1 -14 7 18
9 1 -14 7 18
5 1 -14 3 18
7 1 -14 5 18
5 1 -14 3 18
7 1 -14 5 18
9 0 -14 9 18
5 1 -14 3 18
8 1 -14 6 18
9 1 -14 7 18
8 1 -14 6 18
9 1 -14 7 18
9 1 -14 7 18
6 1 -14 4 18
9 1 -14 7 18
8 1 -14 6 18
5 1 -14 2 18
5 0 -14 3 18
9 1 -14 7 18
5 1 -14 2 18
13 1 -14 11 18
8 1 -14 6 18
9 1 -14 7 18
9 1 -14 7 18
9 1 -14 7 18
7 1 -14 6 18
8 1 -14 6 18
7 1 -14 5 18
8 1 -14 6 18
9 1 -14 7 18
11 1 -14 9 18
9 1 -14 7 18
9 1 -14 7 18
8 1 -14 6 18
5 1 -14 3 18
3 1 -14 1 18
5 1 -14 3 18
9 1 -14 7 18

@ 3 18
6 6 -18 0 0
6 3 -18 1 22
8 2 -18 4 22
14 2 -18 10 22
12 2 -18 7 22
14 2 -18 10 22
16 2 -18 12 22
3 1 -18 1 22
7 1 -18 4 22
7 2 -18 4 22
14 2 -18 8 22
12 1 -18 9 22
6 2 -18 2 22
10 1 -18 8 22
6 3 -18 1 22
10 1 -18 7 22
12 1 -18 9 22
12 4 -18 3 22
12 1 -18 9 22
12 1 -18 9 22
12 1 -18 10 22
12 1 -18 9 22
12 1 -18 9 22
12 1 -18 9 22
12 1 -18 9 22
12 1 -18 9 22
6 3 -18 1 22
6 2 -18 2 22
10 2 -18 5 22
10 1 -18 8 22
10 3 -18 5 22
12 2 -18 8 22
16 2 -18 12 22
14 1 -18 11 22
12 1 -18 9 22
12 1 -18 9 22
12 1 -18 9 22
10 1 -18 7 22
10 1 -18 7 22
12 1 -18 9 22
12 1 -18 9 22
6 2 -18 1 22
10 0 -18 8 22
12 1 -18 9 22
10 1 -18 7 22
14 1 -18 11 22
12 1 -18 9 22
12 1 -18 10 22
12 1 -18 9 22
12 1 -18 11 22
12 1 -18 10 22
12 1 -18 9 22
12 1 -18 10 22
12 1 -18 9 22
14 1 -18 11 22
16 0 -18 15 22
12 1 -18 9 22
12 1 -18 9 22
10 1 -18 8 22
8 2 -18 3 22
10 1 -18 7 22
8 3 -18 3 22
8 1 -18 5 22
12 0 -18 12 22
6 1 -18 3 22
10 1 -18 7 22
10 1 -18 7 22
10 1 -18 7 22
10 1 -18 7 22
10 1 -18 7 22
8 1 -18 7 22
10 1 -18 7 22
10 1 -18 7 22
6 1 -18 2 22
8 0 -18 5 22
10 1 -18 7 22
6 1 -18 2 22
16 1 -18 13 22
10 1 -18 7 22
10 1 -18 7 22
10 1 -18 7 22
10 1 -18 7 22
10 1 -18 7 22
10 1 -18 7 22
8 1 -18 6 22
10 1 -18 7 22
10 0 -18 9 22
16 1 -18 13 22
10 1 -18 7 22
12 1 -18 9 22
10 1 -18 7 22
8 2 -18 4 22
4 2 -18 1 22
8 3 -18 4 22
12 2 -18 8 22

@ 3 24
8 0 -22 0 0
6 3 -22 2 28
10 3 -22 6 28
18 3 -22 14 28
14 2 -22 12 28
18 2 -22 15 28
18 2 -22 16 28
6 3 -22 2 28
10 3 -22 5 28
10 3 -22 5 28
16 2 -22 14 28
14 3 -22 10 28
8 3 -22 3 28
14 3 -22 10 28
6 2 -22 3 28
14 3 -22 10 28
16 3 -22 12 28
16 5 -22 5 28
16 3 -22 12 28
16 3 -22 12 28
16 2 -22 14 28
16 3 -22 12 28
16 3 -22 12 28
16 3 -22 12 28
16 3 -22 12 28
16 3 -22 12 28
6 2 -22 3 28
8 3 -22 3 28
12 2 -22 9 28
14 3 -22 10 28
12 2 -22 9 28
16 3 -22 11 28
20 2 -22 17 28
18 1 -22 17 28
16 2 -22 14 28
16 2 -22 13 28
16 2 -22 14 28
14 2 -22 11 28
14 2 -22 11 28
16 2 -22 14 28
16 2 -22 13 28
10 5 -22 2 28
14 1 -22 12 28
16 2 -22 13 28
14 2 -22 11 28
18 2 -22 15 28
16 2 -22 13 28
16 1 -22 15 28
16 3 -22 12 28
16 1 -22 15 28
16 3 -22 12 28
16 3 -22 12 28
16 2 -22 14 28
16 3 -22 12 28
18 2 -22 15 28
22 2 -22 21 28
14 1 -22 13 28
14 1 -22 14 28
14 2 -22 12 28
8 2 -22 5 28
14 2 -22 11 28
8 2 -22 5 28
8 0 -22 9 28
16 1 -22 16 28
8 3 -22 4 28
14 3 -22 10 28
14 3 -22 10 28
14 3 -22 10 28
14 3 -22 10 28
14 3 -22 10 28
12 3 -22 7 28
14 3 -22 10 28
14 3 -22 10 28
10 5 -22 2 28
12 3 -22 6 28
14 3 -22 11 28
10 5 -22 2 28
22 3 -22 18 28
14 3 -22 10 28
14 3 -22 10 28
14 3 -22 10 28
14 3 -22 10 28
12 3 -22 8 28
14 3 -22 10 28
12 3 -22 8 28
14 3 -22 10 28
14 1 -22 13 28
22 2 -22 19 28
14 2 -22 12 28
14 2 -22 12 28
14 2 -22 12 28
10 3 -22 6 28
6 3 -22 2 28
10 3 -22 6 28
16 3 -22 12 28

@ 4 9
6 6 -9 0 0
6 2 -9 1 11
6 1 -9 3 11
6 0 -9 5 11
6 0 -9 5 11
6 0 -9 5 11
6 0 -9 5 11
6 2 -9 1 11
6 1 -9 3 11
6 2 -9 3 11
6 0 -9 5 11
6 0 -9 5 11
6 1 -9 2 11
6 0 -9 5 11
6 2 -9 1 11
6 1 -9 4 11
6 0 -9 5 11
6 2 -9 2 11
6 0 -9 5 11
6 0 -9 5 11
6 0 -9 5 11
6 0 -9 5 11
6 0 -9 5 11
6 0 -9 5 11
6 0 -9 5 11
6 0 -9 5 11
6 2 -9 1 11
6 1 -9 2 11
6 1 -9 3 11
6 0 -9 5 11
6 1 -9 3 11
6 0 -9 5 11
6 0 -9 5 11
6 0 -9 5 11
6 0 -9 5 11
6 0 -9 5 11
6 0 -9 5 11
6 0 -9 5 11
6 0 -9 5 11
6 0 -9 5 11
6 0 -9 5 11
6 2 -9 1 11
6 0 -9 5 11
6 0 -9 5 11
6 0 -9 5 11
6 0 -9 5 11
6 0 -9 5 11
6 0 -9 5 11
6 0 -9 5 11
6 0 -9 5 11
6 0 -9 5 11
6 0 -9 5 11
6 0 -9 5 11
6 0 -9 5 11
6 0 -9 5 11
6 0 -9 5 11
6 0 -9 5 11
6 0 -9 5 11
6 0 -9 5 11
6 2 -9 2 11
6 1 -9 4 11
6 2 -9 2 11
6 1 -9 3 11
6 0 -9 6 11
6 2 -9 2 11
6 0 -9 5 11
6 0 -9 5 11
6 0 -9 5 11
6 0 -9 5 11
6 0 -9 5 11
6 1 -9 4 11
6 0 -9 5 11
6 0 -9 5 11
6 2 -9 1 11
6 0 -9 3 11
6 0 -9 5 11
6 2 -9 1 11
6 0 -9 5 11
6 0 -9 5 11
6 0 -9 5 11
6 0 -9 5 11
6 0 -9 5 11
6 0 -9 5 11
6 0 -9 5 11
6 1 -9 4 11
6 0 -9 5 11
6 0 -9 5 11
6 0 -9 5 11
6 0 -9 5 11
6 0 -9 5 11
6 0 -9 5 11
6 2 -9 3 11
6 2 -9 1 11
6 1 -9 3 11
6 0 -9 5 11

@ 4 12
7 7 -12 0 0
7 3 -12 1 15
7 2 -12 3 15
7 1 -12 5 15
7 1 -12 5 15
7 1 -12 5 15
7 0 -12 6 15
7 3 -12 1 15
7 2 -12 3 15
7 2 -12 3 15
7 1 -12 5 15
7 1 -12 5 15
7 2 -12 2 15
7 1 -12 5 15
7 3 -12 1 15
7 1 -12 5 15
7 1 -12 5 15
7 2 -12 2 15
7 1 -12 5 15
7 1 -12 5 15
7 1 -12 5 15
7 1 -12 5 15
7 1 -12 5 15
7 1 -12 5 15
7 1 -12 5 15
7 1 -12 5 15
7 3 -12 1 15
7 2 -12 2 15
7 1 -12 4 15
7 1 -12 5 15
7 2 -12 4 15
7 1 -12 5 15
7 0 -12 6 15
7 1 -12 5 15
7 1 -12 5 15
7 1 -12 5 15
7 1 -12 5 15
7 1 -12 5 15
7 1 -12 5 15
7 1 -12 5 15
7 1 -12 5 15
7 3 -12 1 15
7 1 -12 5 15
7 1 -12 5 15
7 1 -12 5 15
7 1 -12 5 15
7 1 -12 5 15
7 1 -12 5 15
7 1 -12 5 15
7 1 -12 5 15
7 1 -12 5 15
7 1 -12 5 15
7 1 -12 5 15
7 1 -12 5 15
7 1 -12 5 15
7 1 -12 5 15
7 1 -12 5 15
7 1 -12 5 15
7 1 -12 5 15
7 2 -12 3 15
7 1 -12 5 15
7 2 -12 3 15
7 1 -12 5 15
7 0 -12 7 15
7 3 -12 2 15
7 1 -12 5 15
7 1 -12 5 15
7 1 -12 5 15
7 1 -12 5 15
7 1 -12 5 15
7 2 -12 4 15
7 1 -12 5 15
7 1 -12 5 15
7 3 -12 1 15
7 1 -12 3 15
7 1 -12 5 15
7 3 -12 1 15
7 1 -12 5 15
7 1 -12 5 15
7 1 -12 5 15
7 1 -12 5 15
7 1 -12 5 15
7 1 -12 5 15
7 1 -12 5 15
7 1 -12 4 15
7 1 -12 5 15
7 1 -12 5 15
7 1 -12 5 15
7 1 -12 5 15
7 1 -12 5 15
7 1 -12 5 15
7 2 -12 3 15
7 3 -12 1 15
7 2 -12 3 15
7 1 -12 5 15
